162 24 613 894 792
883 796 941 537 599
770 80 674 670 901
375 865 503 99 181
870 34 728 525 981
253 987 364 86 704
503 939 418 116 833
209 999 318 840 225
607 300 996 281 970
586 346 834 88 446
15 958 170 433 172
150 686 158 514 462
552 17 401 970 824
233 869 822 241 399
737 848 699 732 819
358 318 165 192 96
301 898 745 471 330
917 622 16 75 826
168 627 533 569 287
356 492 155 868 733
554 294 271 943 26
89 301 34 945 493
130 245 80 875 717
410 792 28 116 557
544 285 183 768 544
470 123 36 316 682
769 560 976 730 193
692 820 494 416 454
677 547 700 757 111
106 857 593 134 664
149 368 639 23 135
182 183 259 218 189
631 678 750 296 407
943 989 917 126 94
371 803 641 70 249
443 176 105 35 0
769 876 368 407 899
504 280 81 453 498
271 774 175 711 69
583 343 748 499 469
843 560 962 173 630
210 616 496 315 652
186 775 527 555 872
115 749 151 196 201
650 157 975 515 558
734 788 901 482 978
59 14 537 20 187
167 230 804 353 236
145 540 701 362 785
572 477 533 414 363
734 754 211 398 268
769 822 747 360 994
724 109 7 260 130
195 117 50 689 471
977 524 701 677 886
485 940 52 17 353
105 441 797 316 529
755 776 350 501 826
344 224 935 351 485
755 236 292 496 615
453 472 138 153 149
714 328 88 456 345
131 562 786 928 568
4 372 33 355 874
859 699 788 484 740
963 929 977 255 424
281 708 897 420 552
736 824 880 824 971
225 645 222 701 262
480 706 634 514 751
507 62 449 986 236
188 948 165 855 202
279 136 601 175 246
152 601 760 31 424
730 947 759 642 648
20 122 43 345 326
794 542 388 933 527
315 811 475 480 666
677 759 492 968 625
428 119 225 878 151
340 298 97 789 940
435 500 61 168 845
387 652 386 466 584
604 781 395 78 951
751 445 399 933 413
714 50 532 940 928
373 970 225 161 758
165 286 257 917 455
792 995 106 869 150
381 472 931 466 240
571 907 685 970 839
788 684 579 10 313
506 73 973 732 234
730 587 521 678 193
976 159 878 772 27
27 152 499 648 308
739 218 214 114 879
743 592 252 321 292
565 518 366 537 940
600 957 526 811 324
409 476 484 287 248
201 314 90 391 653
399 820 871 303 934
439 46 216 691 367
508 255 885 874 482
824 164 129 39 975
143 139 451 317 426
389 519 430 169 910
82 568 729 644 562
353 82 608 259 774
665 767 719 240 331
892 754 185 711 484
159 854 623 300 862
48 379 70 168 549
980 251 807 398 585
368 441 667 666 700
440 331 157 850 261
178 741 14 363 451
498 522 995 120 513
856 859 582 616 718
130 595 659 628 684
243 686 815 910 352
515 40 373 362 890
634 540 320 648 903
461 837 114 455 647
317 1 506 900 617
914 720 903 572 347
276 815 724 90 414
75 295 454 448 657
33 772 887 353 419
789 814 946 594 960
593 911 651 789 810
958 702 220 860 273
567 826 778 290 917
191 55 902 646 193
249 369 965 135 723
74 615 226 19 208
185 612 809 836 400
309 794 792 529 343
64 786 860 532 76
466 724 822 367 59
15 616 428 980 442
841 53 747 67 764
955 252 375 453 779
466 762 262 257 290
295 12 76 154 544
843 620 958 664 678
16 369 984 135 39
425 976 783 862 42
546 816 986 612 960
454 77 721 716 24
702 10 36 468 856
271 0 165 228 354
843 936 724 827 761
763 942 426 545 804
469 782 309 144 393
959 598 160 680 3
184 71 704 912 539
249 873 229 415 791
583 257 416 306 774
176 759 406 603 995
900 762 776 899 906
168 858 193 18 227
887 202 989 590 804
217 530 676 446 945
157 28 892 573 335
666 750 93 762 352
87 351 804 553 940
709 411 797 592 429
714 168 322 702 448
125 609 978 492 54
922 649 83 814 221
108 169 661 892 621
12 670 972 816 222
911 214 634 398 496
62 802 664 74 194
803 200 803 780 382
858 702 721 631 205
632 739 64 293 630
685 996 299 346 502
212 256 406 846 344
903 598 146 256 673
340 749 563 833 529
945 380 921 355 10
125 987 439 189 970
69 564 966 58 910
157 270 165 563 806
200 155 404 36 102
76 66 851 639 899
379 273 279 990 318
289 114 304 419 994
965 488 557 930 236
466 777 197 322 339
2 212 185 406 248
287 172 314 137 501
212 207 774 181 196
782 161 1 86 580
685 741 758 242 360
994 398 136 881 410
475 884 622 350 980
870 637 843 874 465
343 86 362 808 958
248 589 118 249 365
698 935 105 455 867
465 139 955 601 19
365 767 593 677 807
263 237 444 796 110
599 138 887 961 636
845 899 225 653 148
280 351 773 76 496
329 541 635 283 833
345 338 289 628 15
95 581 943 229 376
743 518 515 320 168
841 164 67 756 507
906 36 858 678 112
44 6 343 369 980
866 404 318 154 32
23 941 613 966 860
990 398 378 194 718
546 34 572 613 481
79 518 517 627 886
319 671 582 352 40
562 218 444 570 62
166 593 2 780 248
553 459 646 931 343
54 166 67 626 470
548 705 678 755 332
564 73 693 836 426
733 397 334 868 967
396 33 249 89 503
187 642 652 524 262
995 578 428 62 203
898 610 909 576 365
931 830 128 623 665
244 46 753 578 604
409 975 637 659 754
831 846 395 482 369
657 477 637 775 539
841 673 839 439 939
894 369 768 22 682
122 957 418 875 535
21 284 199 659 633
953 179 168 37 661
228 694 137 865 158
366 705 831 896 143
459 789 202 917 501
575 39 458 993 604
683 14 578 882 363
210 524 232 379 561
893 607 945 721 161
102 777 867 624 672
700 773 461 593 690
962 167 419 109 850
713 792 554 291 363
607 191 887 839 260
137 732 557 772 142
719 565 919 585 188
591 975 961 51 567
340 703 734 759 503
584 472 985 828 453
348 435 644 925 273
595 753 695 151 524
837 870 88 756 144
967 36 119 618 87
686 958 480 110 407
673 694 569 658 211
21 5 646 355 620
610 950 372 304 101
897 141 661 675 587
806 642 623 925 950
400 300 907 570 410
3 243 794 572 591
5 283 596 651 639
906 260 278 278 255
379 865 86 731 229
673 536 871 986 150
510 75 450 417 645
551 420 578 344 683
168 349 966 454 691
294 360 641 573 328
896 642 883 982 372
111 344 598 673 329
748 182 404 889 599
740 439 710 7 473
82 867 823 738 320
203 32 370 844 295
388 740 937 270 721
1000 382 756 597 54
84 35 236 179 614
526 609 743 926 306
215 7 172 728 745
183 931 467 553 465
762 632 204 389 902
615 388 974 370 675
718 145 710 645 14
13 861 313 756 786
619 662 483 792 79
918 975 701 385 217
165 837 849 59 225
441 674 303 104 735
979 823 570 378 157
274 392 17 587 838
803 205 189 976 997
269 893 971 970 968
879 825 805 727 884
720 858 247 23 963
982 1 475 241 69
632 515 151 649 101
990 141 307 869 116
994 137 699 965 797
667 843 621 161 259
504 881 117 752 594
79 423 595 244 355
355 876 870 506 524
662 185 665 659 54
781 652 882 169 306
369 836 148 680 997
98 875 568 906 626
161 675 739 447 919
784 802 794 344 998
317 5 183 672 664
928 142 5 499 311
312 868 147 150 548
834 248 422 401 153
738 563 828 166 9
746 641 501 229 985
498 546 990 681 217
343 298 359 348 798
671 350 355 508 501
593 341 749 14 433
593 442 996 110 299
695 547 940 886 776
924 383 322 603 755
229 636 52 279 674
540 640 24 896 147
525 488 178 964 193
611 556 325 296 667
624 681 213 253 566
989 176 950 0 469
704 921 104 446 199
779 987 839 803 882
676 17 369 854 981
252 155 537 578 451
894 201 132 797 455
698 475 321 647 476
481 40 396 585 487
285 53 163 123 546
44 799 563 103 342
544 356 497 771 934
949 664 825 771 460
970 468 935 982 806
100 462 536 186 737
713 471 791 876 284
26 920 82 280 714
115 824 760 612 284
383 250 638 207 20
97 868 179 722 849
675 513 310 210 699
737 924 861 217 799
144 244 409 918 524
122 32 37 572 644
321 955 585 959 852
605 746 719 784 157
257 148 670 257 359
59 995 282 920 211
80 754 455 179 671
669 301 703 706 563
347 717 517 932 365
369 226 801 778 701
959 35 849 318 292
207 67 977 179 677
188 951 431 333 129
101 693 121 805 88
684 842 806 201 463
861 260 689 662 37
79 620 763 929 628
746 826 696 722 5
372 600 646 493 624
775 595 316 896 399
404 580 931 900 471
393 761 421 772 422
458 852 732 221 470
49 657 986 435 378
681 808 979 326 300
602 101 585 608 687
984 11 957 604 602
117 997 52 538 459
164 687 310 896 598
470 635 254 145 70
632 827 568 300 843
558 592 634 143 199
321 817 902 968 421
193 85 107 245 313
566 409 1000 566 995
597 35 629 851 872
699 173 698 957 473
230 515 756 865 658
645 185 474 546 843
585 739 928 693 984
241 258 82 931 825
76 528 550 396 68
111 785 241 809 742
405 39 256 160 594
914 805 469 77 41
311 663 470 930 355
144 861 303 226 791
818 994 318 58 389
77 169 173 318 669
915 413 398 861 573
992 464 68 460 542
800 771 204 269 390
249 103 250 552 330
41 60 13 49 118
402 126 287 265 135
956 871 548 353 731
812 344 195 570 494
427 369 265 631 328
345 570 432 596 812
452 327 872 465 66
680 557 884 968 822
18 613 382 256 967
113 67 0 999 637
495 425 696 450 746
24 795 315 146 390
817 598 717 379 753
474 58 309 357 25
821 375 329 203 631
295 6 389 295 4
716 480 429 412 930
865 126 725 870 272
805 686 560 212 64
312 686 814 311 42
529 131 107 858 24
428 152 30 817 138
34 223 618 153 325
238 17 451 963 887
413 457 263 663 669
17 975 354 831 976
86 360 106 193 908
822 622 751 852 438
579 577 351 196 730
676 124 438 817 777
14 920 234 277 582
593 295 246 948 816
221 724 866 18 918
774 840 539 214 381
667 793 958 18 989
378 384 804 816 201
580 520 811 814 798
393 407 783 329 44
598 241 768 154 259
375 928 789 914 141
169 271 934 818 289
612 195 673 105 701
564 686 220 375 189
17 458 286 490 787
330 779 27 789 933
977 163 860 455 768
691 625 38 314 132
17 616 327 690 722
27 945 407 938 9
286 956 467 573 135
253 903 914 972 381
846 638 235 395 93
2 85 408 40 89
540 57 706 867 437
117 584 71 214 521
80 500 166 547 72
302 491 666 906 152
737 752 790 972 146
883 974 923 290 704
11 520 451 407 76
579 214 660 650 428
872 421 619 728 658
691 29 148 46 936
300 784 377 781 755
523 663 419 135 644
813 838 163 264 244
240 533 149 590 873
577 461 293 886 189
952 267 909 790 313
534 781 787 911 561
232 124 914 651 259
557 153 96 411 417
31 341 640 180 931
513 447 82 806 23
962 447 290 870 928
293 94 708 80 695
959 312 819 872 653
769 119 806 555 220
914 586 561 243 456
181 756 594 263 252
617 224 699 907 785
316 199 879 714 970
573 672 281 82 234
624 541 43 120 95
263 724 372 514 967
518 695 723 111 959
975 418 873 363 14
347 370 214 225 83
874 489 756 846 261
680 469 802 723 279
587 676 2 959 189
970 477 574 382 278
222 46 697 95 99
401 442 469 615 358
553 179 537 999 24
488 678 493 289 90
463 566 766 465 525
645 124 692 218 506
660 441 552 46 226
652 448 358 811 753
406 363 932 633 51
956 120 729 139 99
509 602 666 274 757
881 609 882 262 518
387 922 649 630 659
875 972 797 923 782
549 19 836 171 652
887 126 773 306 956
562 815 557 227 780
314 798 388 195 59
906 272 672 554 592
330 118 563 817 732
35 365 751 871 536
402 447 353 865 443
308 427 258 556 344
37 870 142 115 755
892 21 717 563 265
309 583 384 562 399
806 597 455 556 157
991 958 295 343 513
738 342 940 686 898
974 723 457 115 529
211 7 240 618 260
505 927 844 579 179
933 384 776 387 940
624 68 588 919 101
791 346 443 730 32
340 393 445 797 509
974 698 206 213 316
466 719 933 1000 988
111 933 62 578 319
692 201 387 279 810
489 69 846 622 489
878 963 883 323 449
81 296 838 287 200
153 443 919 776 443
596 888 65 658 155
74 350 46 462 319
546 641 79 391 262
568 269 915 140 282
54 912 268 892 889
468 735 332 76 510
465 673 87 530 20
242 604 370 979 756
380 524 86 459 606
39 717 875 644 548
847 698 459 114 589
348 583 13 680 659
524 835 21 611 54
42 544 348 102 212
104 482 737 881 631
342 920 348 907 254
896 753 952 44 557
231 392 139 244 762
489 458 596 510 760
340 552 994 689 345
205 483 827 942 363
148 974 974 496 570
227 81 12 869 125
570 99 518 399 34
970 888 492 256 398
251 596 640 244 284
985 140 767 502 772
130 650 746 794 836
5 711 607 18 579
732 278 369 940 677
403 910 255 585 165
343 527 761 983 461
736 658 601 502 850
63 322 499 499 115
24 504 826 631 212
405 362 180 464 993
858 557 592 803 832
757 145 358 207 818
510 943 475 801 135
324 864 457 513 362
573 537 557 88 167
769 183 220 950 647
903 497 203 494 299
35 941 134 83 147
952 593 781 427 84
916 441 948 372 955
0 635 181 557 724
39 325 907 950 965
244 852 151 447 345
140 172 285 274 256
122 226 539 593 343
313 508 474 261 571
428 952 896 610 508
619 339 523 216 288
178 460 139 329 597
174 160 770 149 434
716 271 350 945 555
383 258 753 858 209
323 976 160 910 275
358 528 614 571 434
902 749 894 731 769
181 905 929 951 53
362 356 15 403 300
570 786 248 322 333
457 336 309 307 245
584 665 463 198 236
588 790 675 171 521
443 352 425 371 993
169 424 348 184 517
339 444 993 587 456
326 735 482 635 41
417 909 397 881 106
633 158 587 998 329
107 441 682 222 502
674 391 926 713 265
442 742 399 435 18
856 451 753 337 85
485 445 684 882 325
791 204 173 67 201
502 174 642 183 396
144 548 478 760 951
743 893 382 142 327
400 688 468 153 715
553 638 159 236 519
174 717 413 347 784
614 850 648 947 723
735 90 270 212 540
911 645 432 292 477
449 693 855 917 536
570 159 864 729 86
72 904 803 485 941
277 98 790 615 44
513 349 825 473 251
365 74 897 487 366
63 937 749 919 543
975 488 703 838 907
789 910 500 281 84
441 248 183 230 864
918 433 903 743 597
154 798 671 741 284
727 804 220 476 412
764 140 590 156 979
497 945 578 997 916
663 127 164 536 358
718 453 481 620 195
77 774 993 748 204
968 475 699 187 641
110 641 781 701 797
449 888 431 718 574
347 380 702 201 606
750 919 58 230 228
945 308 693 937 746
897 594 911 595 782
241 706 112 713 96
600 852 984 721 569
557 67 639 258 959
244 7 877 303 929
796 247 927 488 874
672 384 468 273 980
940 514 375 742 917
161 341 769 144 62
337 391 820 977 340
779 911 37 345 213
966 140 150 892 318
715 254 703 873 217
372 812 421 747 243
338 908 275 106 742
27 443 132 847 109
472 315 20 200 351
924 165 181 765 748
500 479 692 893 351
909 264 853 329 10
786 357 608 60 463
349 87 597 171 625
706 334 630 416 534
981 340 389 853 104
827 42 273 518 935
314 116 198 857 136
899 642 493 196 393
647 235 480 243 406
795 639 430 425 55
654 95 85 43 948
880 870 680 152 78
614 156 885 502 12
20 90 344 204 286
737 851 521 908 784
618 702 422 738 126
477 392 913 252 125
860 131 685 230 974
763 534 129 648 36
832 358 126 176 252
103 603 793 314 200
576 622 903 999 360
719 165 752 631 418
877 181 549 561 411
523 14 945 342 352
671 174 400 488 40
653 591 333 445 595
534 21 217 436 710
577 845 875 18 166
983 585 347 532 836
448 745 540 82 777
892 444 951 983 932
681 325 212 14 770
807 548 481 714 674
881 981 518 446 999
684 428 273 721 650
109 859 84 649 632
862 231 75 812 904
6 493 228 909 197
688 715 745 169 119
418 740 99 626 185
789 0 304 61 411
954 861 270 38 510
902 590 431 667 91
334 673 274 562 581
471 249 986 215 108
104 323 539 895 950
724 683 950 27 744
50 672 605 320 400
805 912 990 926 578
80 950 941 355 201
211 826 140 197 732
249 992 54 788 886
694 201 258 333 920
2 384 591 297 394
991 792 306 980 717
574 750 356 515 104
557 726 621 697 613
42 636 295 96 113
180 481 315 129 814
234 131 197 515 118
592 505 910 588 174
316 161 924 672 366
719 228 92 29 925
705 71 561 1000 858
674 871 338 679 1000
843 603 821 730 117
629 11 312 538 599
486 544 451 100 906
817 509 133 909 538
748 304 299 999 994
156 363 554 495 732
243 337 335 63 757
142 692 769 455 920
367 631 153 818 421
58 325 930 191 233
467 630 227 456 318
912 613 681 465 798
103 399 825 438 462
581 580 845 349 725
454 717 356 608 224
777 356 549 707 238
473 864 868 390 320
185 301 623 557 457
420 660 856 244 788
7 825 57 542 865
783 997 581 138 294
495 605 340 44 1
578 207 866 445 597
876 321 899 498 568
45 608 918 901 852
395 908 366 452 450
230 234 136 501 62
120 997 668 460 731
359 729 628 915 173
224 790 184 813 978
442 858 585 359 758
126 444 356 493 897
496 413 821 322 915
884 132 601 241 282
21 600 10 649 205
875 873 995 58 376
663 191 233 938 240
682 64 685 728 247
581 223 350 401 235
264 975 367 555 906
649 576 196 660 224
401 534 788 85 282
163 748 473 86 376
404 768 130 88 495
377 669 408 417 760
333 682 425 700 927
330 39 503 216 389
727 617 613 204 393
585 367 831 749 454
206 152 912 336 240
97 403 599 195 821
48 529 192 473 919
118 494 958 621 400
36 38 708 649 933
100 234 300 931 673
444 828 825 355 163
64 452 257 353 648
77 401 867 269 565
785 77 58 743 389
458 469 117 856 118
49 956 42 39 577
715 483 404 229 529
257 293 981 514 646
318 591 46 875 550
611 660 628 359 92
707 508 561 824 363
369 873 9 101 913
586 816 85 990 44
614 246 27 285 761
363 293 41 100 168
592 401 828 910 761
920 616 959 170 439
11 540 1 20 641
604 606 147 690 285
882 994 222 600 278
673 963 572 714 62
740 996 464 257 905
915 176 210 563 36
339 574 576 31 285
217 635 581 54 14
867 936 8 779 535
286 451 188 548 164
941 287 851 94 234
445 8 100 656 261
137 685 526 713 716
811 620 351 81 674
55 638 300 63 416
525 40 867 713 588
722 344 566 262 438
800 707 137 901 362
398 37 738 924 440
453 424 60 494 196
424 550 834 724 613
250 940 653 807 342
932 218 686 497 480
124 987 187 261 887
239 659 614 977 273
54 120 387 114 614
583 538 163 417 953
777 357 582 119 854
924 50 763 610 237
933 424 224 810 685
801 49 33 415 716
997 469 526 74 273
140 657 501 303 764
143 770 811 725 890
355 649 630 117 949
868 49 372 782 860
747 582 599 780 997
4 777 155 531 541
118 671 197 310 664
652 453 434 462 178
13 817 517 333 624
465 891 674 527 672
223 273 254 822 52
941 826 519 787 46
59 595 407 948 905
71 289 48 195 751
226 899 258 433 231
572 898 122 936 114
484 158 387 738 670
129 369 496 339 846
232 88 440 640 35
35 711 324 83 596
766 1000 494 714 432
725 976 19 537 912
133 21 69 520 449
740 339 508 926 678
43 157 767 484 487
492 209 197 507 292
483 963 291 977 366
413 392 341 432 619
252 255 330 12 465
780 442 804 978 57
172 21 214 939 195
392 120 404 589 627
386 72 279 367 739
645 780 130 987 902
750 929 156 770 631
621 549 72 114 217
129 286 238 34 915
433 426 35 527 705
352 913 467 632 279
897 276 749 26 953
650 466 882 496 236
202 116 475 275 921
692 94 207 620 819
121 743 935 847 960
640 199 872 797 831
841 693 106 589 410
59 929 566 631 424
802 833 230 968 798
151 349 893 48 660
401 860 402 336 707
362 976 906 924 462
736 765 155 532 43
255 281 973 821 912
86 313 435 317 280
232 158 319 815 206
979 216 756 71 552
462 433 217 57 46
679 483 501 524 15
235 469 296 898 290
899 984 603 23 991
573 946 148 892 761
44 871 667 801 632
909 262 64 125 320
801 494 803 302 709
508 537 177 495 434
467 83 107 760 106
98 22 742 246 915
192 982 475 859 782
106 767 734 861 582
744 351 76 547 653
785 745 880 652 239
3 810 12 802 259
809 900 282 551 836
196 743 817 361 292
598 157 58 332 708
641 766 58 407 2
712 882 748 281 533
677 976 342 690 777
602 188 366 574 739
201 460 172 18 821
464 306 668 212 328
375 853 94 433 259
96 835 831 534 807
364 211 782 396 591
248 688 469 614 261
208 505 721 70 523
231 534 520 899 746
538 273 289 322 397
238 419 231 69 643
37 433 544 509 519
825 757 207 294 370
158 502 566 570 262
88 801 796 298 390
231 837 663 520 849
59 759 267 982 518
601 18 641 144 528
159 970 975 56 263
345 215 455 911 785
717 689 275 202 678
665 433 204 328 644
52 77 92 10 58
610 611 768 250 445
986 99 414 960 156
367 995 371 822 595
846 228 284 120 430
652 786 554 546 804
197 598 571 980 298
320 279 909 87 529
44 72 628 458 722
474 826 717 535 337
311 380 566 285 191
686 937 977 239 482
470 126 771 40 796
68 50 74 668 137
293 712 900 612 169
622 85 685 338 621
713 649 0 969 935
191 654 561 858 584
43 17 710 504 749
506 572 799 270 239
937 564 951 526 175
811 838 260 185 866
571 898 205 572 556
830 453 210 390 1
484 123 18 884 627
767 79 199 566 350
128 192 914 79 408
779 580 246 38 765
802 610 353 6 872
909 836 14 809 226
706 292 39 415 867
667 872 946 556 127
295 684 9 899 453
418 677 32 354 406
488 155 15 841 162
577 439 998 281 939
914 988 921 954 402
787 310 273 733 866
91 718 549 100 617
693 518 293 725 562
699 903 718 404 743
570 671 873 257 953
811 171 940 731 815
31 518 124 995 941
990 85 658 228 877
274 611 394 258 336
647 647 929 364 742
672 624 412 234 881
54 44 742 684 465
556 715 983 680 400
613 359 175 271 278
51 235 889 136 493
915 783 831 844 837
572 205 460 674 439
30 729 173 773 412
638 18 818 311 389
908 924 438 82 194
716 825 430 605 961
613 209 433 443 52
269 705 257 419 379
696 449 798 869 912
209 197 621 717 508
9 624 431 447 397
316 163 221 436 458
872 48 667 304 182
410 263 887 667 682
265 53 821 753 612
733 963 809 43 369
6 52 684 128 189
80 444 42 992 880
500 863 618 858 857
800 267 119 687 624
801 642 677 621 395
289 43 47 788 86
106 795 829 790 923
18 870 56 60 861
626 251 413 243 108
269 734 65 388 420
689 879 752 56 190
837 35 924 884 823
701 991 307 529 780
920 547 340 666 298
891 291 549 995 225
347 263 959 412 342
378 791 911 820 847
791 657 572 715 230
395 415 911 392 634
381 2 872 721 668
169 301 960 408 295
875 755 249 833 166
281 210 647 191 720
184 983 376 756 387
297 841 492 207 233
125 588 926 997 999
593 165 300 242 573
595 116 17 534 949
874 815 849 521 697
569 705 679 635 460
756 932 301 247 139
224 372 417 149 59
416 432 224 716 365
488 0 481 195 535
120 69 349 659 280
45 227 985 414 553
134 860 174 125 106
3 39 169 421 879
228 837 311 142 552
676 320 242 847 516
777 967 585 817 626
865 552 543 539 657
786 363 516 961 489
313 964 528 482 74
407 710 911 408 852
152 774 172 395 620
378 862 277 653 678
903 207 921 135 746
577 612 108 92 572
287 405 225 506 577
991 603 286 901 10
829 744 784 691 829
93 68 380 370 411
749 963 618 669 789
53 245 400 161 27
662 139 123 887 645
700 877 247 987 468
257 505 902 731 195
420 824 954 800 885
364 548 847 982 216
325 34 461 725 886
179 386 24 302 964
669 1 530 606 678
998 553 182 589 283
377 8 798 330 809
372 384 46 909 365
263 234 89 414 959
976 593 345 690 585
308 359 587 838 655
264 526 208 447 805
181 514 814 669 535
312 40 919 358 640
284 311 874 373 726
522 38 8 557 729
594 865 778 180 393
432 134 609 330 271
413 512 786 917 871
10 919 602 929 277
241 903 588 805 967
3 326 4 12 884
423 606 438 200 476
521 323 300 129 653
572 233 164 47 840
726 57 759 327 676
726 568 579 313 372
235 317 698 239 19
271 663 315 710 553
481 230 876 781 50
529 42 974 383 89
813 108 837 261 435
203 987 693 782 991
755 16 307 143 946
16 414 298 331 123
852 812 44 727 592
94 946 325 67 329
414 570 127 942 832
253 144 508 946 616
498 391 322 495 534
958 511 948 256 532
71 798 343 115 214
626 900 160 951 657
179 54 226 997 686
748 249 830 256 886
135 754 276 457 249
500 105 450 447 361
983 208 849 15 13
62 641 913 913 281
569 782 336 486 779
21 924 718 542 179
293 677 624 259 825
563 759 620 12 897
671 685 104 519 701
809 271 31 721 184
313 981 656 339 156
124 360 79 533 592
950 826 960 573 776
474 135 224 93 838
120 764 213 916 282
914 724 553 945 134
427 948 114 774 286
961 898 337 40 430
929 990 947 578 252
412 51 77 636 144
605 757 598 818 672
570 421 85 123 366
219 240 3 24 13
290 985 602 627 24
31 245 704 668 824
956 79 875 32 716
710 328 162 307 145
524 878 567 609 691
623 828 621 626 852
325 606 837 927 923
551 648 168 946 316
992 591 85 556 314
801 956 642 653 954
787 176 521 43 785
902 666 303 522 983
154 847 588 681 463
511 923 111 369 868
117 50 458 202 296
772 694 252 103 36
896 891 213 416 934
688 317 290 991 529
272 836 66 550 206
529 751 128 330 119
686 137 169 835 30
466 606 414 408 400
450 303 290 663 719
914 351 726 203 31
945 165 867 10 406
73 230 156 892 250
276 578 388 445 412
418 601 708 522 8
107 972 311 87 635
720 692 676 445 895
397 390 751 955 90
156 718 320 2 609
261 278 186 649 414
288 757 14 687 278
714 794 940 24 572
574 435 263 940 570
848 27 960 288 982
741 444 699 751 447
307 11 415 184 350
829 162 106 534 849
74 247 333 14 962
905 278 396 167 909
967 705 936 616 994
917 356 127 615 107
264 612 809 680 486
159 198 649 956 732
497 30 669 830 735
321 424 703 407 281
611 63 987 546 370
980 152 726 106 457
523 371 69 332 741
245 491 939 894 446
361 391 166 29 911
591 40 335 294 448
616 595 511 602 141
881 271 984 297 68
131 510 439 200 532
870 445 713 808 29
850 859 420 15 579
20 297 619 355 591
757 662 185 268 954
16 839 225 691 826
293 822 26 422 712
558 982 847 271 789
876 811 338 986 826
917 6 813 535 51
403 292 713 279 250
357 295 779 272 676
605 255 497 321 677
208 879 348 55 840
827 931 650 164 917
166 80 613 979 306
664 72 598 67 351
538 424 336 316 696
12 611 951 509 932
317 408 501 665 463
340 491 83 991 346
1000 847 426 612 825
732 967 897 19 33
938 557 147 274 564
843 977 174 483 175
797 490 583 297 154
736 327 335 820 7
371 509 854 798 121
369 219 778 265 239
501 894 486 648 858
49 180 834 224 663
699 20 152 282 7
997 17 334 21 527
342 393 36 195 881
848 564 99 625 520
28 125 103 515 773
961 564 953 484 788
305 873 498 147 154
195 143 863 530 855
389 562 247 425 447
127 272 702 918 587
912 946 712 14 460
174 665 24 126 839
502 121 711 691 268
866 886 411 418 105
957 497 357 203 613
805 21 885 506 939
162 417 574 874 121
34 48 786 749 865
624 941 987 334 631
945 890 207 46 998
2 2 495 360 205
107 164 917 682 360
545 844 777 119 408
588 844 456 373 282
10 687 222 687 20
544 632 601 441 678
598 133 680 783 493
575 580 347 492 262
707 727 796 173 536
203 451 379 349 824
351 50 510 264 737
221 498 58 512 939
736 800 71 105 583
255 681 853 292 863
805 690 279 601 863
816 494 314 885 534
828 236 584 28 500
320 940 688 69 451
626 805 250 387 911
523 332 281 66 625
834 871 314 112 161
867 928 656 871 813
189 389 739 463 417
929 473 356 616 542
497 932 347 437 8
948 961 341 919 26
656 752 587 970 554
749 526 482 94 87
985 974 476 723 436
583 651 909 939 266
141 125 888 178 562
896 125 522 236 734
238 892 175 826 551
729 264 768 901 358
855 885 331 20 607
457 603 948 365 231
904 506 356 791 684
918 687 499 130 613
923 368 195 97 884
436 827 838 894 727
195 748 302 216 768
599 673 60 547 38
291 140 234 647 622
609 565 308 798 385
611 721 753 496 818
327 933 334 164 826
752 50 264 53 266
722 652 940 783 889
668 764 29 902 411
651 200 666 649 999
50 950 719 493 446
226 510 68 251 675
584 693 415 538 746
681 951 87 310 733
667 978 496 386 570
597 727 770 262 65
458 2 14 867 496
150 93 5 909 34
370 183 727 785 411
162 156 361 940 466
784 606 444 971 682
704 567 408 473 520
473 932 522 178 798
708 18 581 404 618
305 774 491 31 249
902 884 95 263 824
561 737 429 695 707
111 88 965 209 562
174 373 183 386 551
671 94 259 943 188
877 247 962 57 970
901 960 853 996 913
366 247 649 486 632
46 287 721 701 496
973 875 869 155 951
109 516 44 369 148
232 936 396 885 684
55 475 643 598 471
245 965 408 584 450
39 630 737 450 330
923 422 895 482 267
846 591 784 580 650
932 503 276 17 77
960 763 552 292 361
713 537 15 811 120
155 851 751 582 300
771 504 413 356 986
680 892 267 463 471
917 85 664 883 102
741 842 556 984 133
917 696 360 932 507
481 86 47 922 668
37 382 862 450 738
538 130 629 805 283
791 411 368 454 294
161 195 826 717 869
650 323 564 9 254
761 490 30 498 101
388 536 484 940 676
912 477 496 541 281
780 21 383 838 475
677 999 360 502 405
228 151 728 483 161
672 934 341 702 432
443 780 658 617 720
23 528 887 520 759
859 299 780 241 136
946 918 826 305 109
230 224 952 959 707
803 630 640 143 22
762 276 492 109 583
902 824 111 789 343
870 647 332 340 578
158 285 495 674 590
294 905 504 245 553
210 47 873 541 882
895 993 157 77 793
741 979 616 542 457
959 101 794 981 441
371 829 416 556 503
697 851 407 200 786
960 411 834 522 642
715 417 634 562 184
116 993 853 732 224
0 380 326 794 360
457 856 189 874 101
692 570 642 789 460
428 438 561 952 960
202 356 66 527 918
941 643 601 794 375
825 794 445 150 277
806 298 823 685 171
615 66 431 256 545
581 374 673 142 15
632 344 371 389 561
980 329 895 580 813
960 404 606 404 245
574 900 233 396 274
94 10 340 215 958
575 796 21 247 938
37 570 973 98 959
223 77 978 117 657
791 76 752 396 481
687 660 380 920 56
345 13 757 685 228
404 951 714 116 197
652 153 767 314 942
415 537 19 393 655
366 183 731 808 269
902 494 930 973 103
676 317 807 122 692
725 527 642 439 643
840 781 486 606 94
427 712 631 136 104
976 503 978 707 0
246 298 495 866 270
288 231 587 786 354
279 510 571 921 639
904 450 419 79 747
203 196 458 835 333
252 810 526 229 206
526 165 505 711 31
465 690 953 743 475
997 21 675 567 632
314 160 773 733 239
519 937 126 667 461
459 919 961 985 147
858 200 312 52 912
33 517 601 677 259
75 673 971 750 240
293 754 90 65 177
330 584 804 456 941
264 605 859 915 279
5 772 479 7 824
80 732 31 681 408
290 446 80 952 887
10 244 330 101 309
507 121 583 310 267
213 574 562 71 179
841 767 951 9 464
465 90 195 186 461
293 166 598 64 117
174 74 361 504 866
360 11 987 633 321
944 846 586 505 607
765 35 373 405 45
838 870 826 723 55
286 16 222 574 80
29 748 845 81 252
711 131 954 387 765
274 21 300 550 526
908 314 562 971 410
297 808 279 122 221
25 408 928 938 673
7 657 420 542 738
362 252 870 315 330
324 280 351 624 830
567 221 835 819 192
244 115 690 213 237
911 238 336 838 866
8 535 523 118 77
951 481 19 820 486
349 834 766 390 458
596 958 369 120 466
561 364 582 251 577
509 852 506 535 380
61 233 915 274 42
992 225 523 702 735
699 741 569 465 131
717 751 779 85 871
244 337 925 516 278
501 716 129 697 941
509 759 865 114 32
907 796 257 119 497
993 818 238 251 973
59 968 723 838 52
283 772 79 207 979
357 709 384 487 95
324 686 854 879 800
887 475 596 834 594
92 516 102 20 767
74 79 734 488 607
477 771 69 556 669
47 914 377 431 90
162 445 776 16 324
266 593 489 862 426
83 644 943 876 355
399 950 434 133 127
732 300 899 801 856
567 848 459 634 969
549 796 103 15 502
117 281 94 607 833
211 690 166 153 565
521 242 204 646 65
332 377 365 921 868
912 177 715 370 811
373 610 296 476 625
799 594 596 583 200
118 794 580 284 637
835 496 880 38 832
945 60 208 310 981
75 912 848 480 281
658 853 891 645 18
205 443 612 491 716
812 299 510 391 274
146 916 770 716 955
601 661 705 499 661
376 264 572 223 434
543 572 977 124 216
995 19 349 607 201
64 108 500 264 190
774 101 105 543 817
750 834 167 455 22
828 521 977 89 744
410 323 5 386 447
221 381 466 260 678
667 325 786 858 279
976 631 380 772 865
197 521 698 364 666
411 883 186 387 662
621 798 985 316 874
431 538 254 588 488
622 945 503 408 802
783 73 433 162 845
297 49 56 685 414
412 786 987 289 173
648 600 971 323 916
844 444 143 789 31
632 410 667 134 508
468 917 272 591 770
807 578 819 863 954
923 966 739 909 254
912 247 854 572 260
459 106 704 603 585
736 234 995 92 58
193 560 976 465 842
435 271 419 253 825
372 176 790 111 775
43 713 712 587 285
972 45 81 676 648
666 101 572 350 193
631 543 443 606 698
284 731 970 394 984
794 766 850 583 567
625 316 280 26 903
255 999 948 26 364
286 692 155 858 732
38 488 966 481 784
663 456 514 632 850
188 115 305 37 388
873 352 704 843 379
296 788 67 935 814
121 220 195 276 768
927 314 256 892 485
730 245 941 935 567
480 122 683 786 159
70 348 202 465 881
271 761 668 28 695
171 149 605 366 115
373 983 119 629 875
604 48 810 235 983
376 715 795 58 190
955 820 228 847 975
108 808 735 466 836
120 327 675 725 693
790 97 366 909 416
931 202 155 740 437
137 115 843 933 865
723 577 684 642 113
658 440 921 82 907
756 202 924 430 618
307 910 405 673 508
822 603 400 977 342
528 804 457 370 426
11 783 693 695 424
806 42 865 726 816
461 171 708 384 291
325 691 200 731 363
398 242 656 799 909
998 326 712 145 386
829 156 859 521 542
283 327 274 838 743
89 298 915 798 372
205 122 754 96 543
807 494 785 463 292
383 460 308 95 295
694 614 142 553 134
684 526 461 958 53
895 47 41 809 845
413 13 657 857 109
891 664 294 675 126
586 58 276 585 844
572 278 457 404 521
281 87 737 433 735
790 327 782 521 135
316 935 839 664 791
639 554 144 933 919
270 208 667 237 793
200 499 762 347 903
973 629 990 710 61
724 189 388 196 711
213 202 335 51 866
816 380 109 961 312
719 921 521 385 157
313 586 656 74 933
558 47 561 237 447
312 962 636 390 848
36 603 740 61 345
296 878 725 405 838
37 123 758 248 199
606 561 785 261 326
407 820 373 969 56
510 971 708 836 361
245 873 964 986 934
999 281 501 414 376
28 451 190 787 389
389 82 950 864 343
966 270 162 28 238
910 538 900 617 374
260 553 937 914 538
870 913 509 61 326
885 89 467 765 566
856 153 648 495 16
992 151 287 844 179
215 753 718 114 60
782 64 613 718 979
150 277 581 349 338
597 233 428 63 999
994 609 842 642 794
859 633 945 836 476
124 741 229 532 856
980 313 610 592 30
588 432 998 168 781
336 765 704 764 518
392 447 817 234 88
611 783 411 245 618
578 59 48 497 591
904 476 594 204 67
314 792 499 312 651
279 338 105 983 792
624 65 238 130 299
17 431 81 428 677
389 5 736 437 192
17 31 668 611 235
735 926 717 924 928
367 893 265 163 566
56 787 631 294 607
620 311 38 391 430
715 780 125 140 907
318 157 628 986 459
553 411 384 961 24
311 17 918 576 180
173 632 657 804 616
264 423 618 302 814
47 707 283 172 847
880 490 695 198 166
153 441 577 227 401
291 538 109 208 804
289 381 125 947 875
741 210 988 358 202
801 95 909 774 268
445 344 448 830 542
614 983 673 881 209
765 172 437 874 70
931 162 142 55 799
16 487 8 4 535
901 495 321 499 960
279 945 303 727 774
535 31 447 898 602
346 662 464 474 535
535 404 388 367 150
186 383 327 886 77
862 786 263 873 285
222 151 920 215 879
383 440 600 830 337
201 867 1000 666 340
224 891 744 612 257
894 799 330 911 684
98 463 469 51 335
444 964 487 363 178
55 437 618 655 957
645 856 823 644 211
162 559 792 597 170
48 180 969 69 91
342 167 554 502 909
889 946 872 65 1000
49 120 126 357 775
82 1 321 596 336
222 758 895 14 44
755 62 916 414 822
6 756 679 250 257
587 829 894 458 895
583 197 14 709 244
480 791 937 491 386
272 713 835 857 727
569 301 480 484 715
301 180 471 671 120
418 257 950 1 406
534 584 603 238 292
538 718 774 474 208
850 436 922 374 983
338 634 283 818 117
999 810 989 159 480
108 267 427 748 269
833 281 853 126 520
836 664 928 299 828
827 839 263 438 904
245 776 537 528 284
344 216 93 332 375
263 131 643 690 569
912 213 851 454 29
60 980 383 988 278
210 814 808 473 942
711 408 718 247 936
1 591 843 785 614
217 47 435 550 737
3 151 640 544 606
669 604 275 51 592
554 261 95 51 424
37 762 832 445 8
458 136 289 300 921
593 207 968 718 758
394 722 909 34 265
204 703 870 480 445
151 724 396 937 775
821 664 536 342 108
234 490 244 213 790
164 497 998 822 214
445 216 936 353 250
892 248 643 761 728
778 602 451 174 538
916 685 893 451 717
691 375 207 936 278
997 790 775 684 302
990 128 518 615 172
458 506 420 791 957
147 569 558 288 743
787 203 117 679 344
834 59 719 40 685
687 728 475 462 411
467 141 540 985 756
712 132 262 131 923
218 969 491 467 256
924 253 149 40 622
493 875 681 902 915
366 588 642 531 49
744 688 881 283 672
637 685 494 589 506
416 807 474 908 964
420 831 216 569 562
528 61 436 900 653
40 956 240 373 176
981 116 864 861 89
535 187 774 719 776
970 134 583 133 732
236 553 563 143 812
124 671 563 250 260
215 290 215 455 663
391 125 469 254 987
558 479 864 21 197
640 991 22 913 814
754 148 366 6 291
868 130 653 430 70
913 335 361 128 791
714 209 606 874 154
282 431 323 146 453
521 786 133 233 698
948 987 846 3 994
828 872 814 480 992
885 392 327 936 210
808 649 110 413 522
264 386 644 587 532
787 798 317 920 30
705 557 17 240 251
701 67 813 514 547
804 398 940 821 333
840 628 673 950 732
194 904 117 528 491
339 314 979 346 925
700 50 171 407 290
422 107 358 234 621
905 729 19 534 549
352 374 868 24 13
289 910 918 96 437
408 435 442 76 781
366 776 831 537 182
811 650 289 168 884
911 764 612 620 988
852 972 361 719 687
375 7 286 292 103
413 390 228 855 156
8 911 933 529 138
805 29 788 94 889
361 695 652 664 314
639 515 976 691 233
662 756 931 638 738
724 51 818 952 596
974 650 507 596 869
335 401 588 813 495
476 173 880 818 527
193 457 41 168 838
965 521 283 585 158
20 308 900 838 950
496 501 289 693 97
848 27 498 436 530
683 912 393 562 730
921 755 877 962 613
404 617 133 687 201
983 707 200 882 234
149 377 735 129 69
522 977 787 19 412
6 702 14 400 954
744 320 708 310 972
11 714 588 144 400
790 817 797 990 699
30 829 766 455 958
526 978 625 312 687
727 319 79 741 409
32 174 729 431 484
390 132 888 979 276
978 458 93 774 137
482 494 656 247 640
614 773 307 929 776
994 655 785 763 396
193 486 570 612 607
745 1 739 322 980
705 300 127 488 73
264 970 568 611 217
898 915 680 204 843
455 197 497 930 651
893 122 136 153 734
743 588 736 171 910
405 876 209 223 364
974 177 333 231 788
240 128 702 611 332
544 756 219 41 686
870 624 498 696 467
232 128 54 658 299
655 753 175 864 976
229 527 153 252 758
941 183 886 643 794
908 877 549 127 918
925 687 232 423 383
699 345 201 754 693
501 408 445 366 962
111 595 489 264 537
937 895 720 513 227
513 420 104 753 237
712 367 925 944 790
998 643 134 889 396
517 79 494 963 445
145 764 730 324 718
267 261 612 677 464
530 190 884 634 633
812 345 1000 426 289
480 113 622 304 1
17 822 81 201 474
216 36 237 947 361
955 904 312 256 580
776 786 460 349 109
783 160 145 473 586
124 953 699 746 947
391 453 768 472 654
241 378 380 168 14
741 813 918 743 69
188 208 545 338 558
655 812 408 490 284
685 614 927 73 359
873 464 812 331 626
155 262 4 535 431
18 967 243 937 709
2 815 608 548 843
165 893 654 263 72
628 948 686 554 21
44 117 485 546 448
111 701 710 115 235
140 824 892 74 450
291 767 264 899 4
107 754 587 451 16
659 79 965 344 323
986 388 440 160 624
888 962 324 288 767
250 118 591 141 192
40 432 650 305 330
654 102 83 241 243
100 900 12 755 244
336 430 322 776 590
947 354 242 961 642
8 210 450 599 352
333 640 784 983 635
805 636 427 578 877
360 368 777 373 122
711 709 242 723 174
523 669 218 765 630
860 773 530 0 62
882 333 392 356 315
717 160 951 143 428
828 503 797 294 566
919 695 274 161 417
449 374 86 667 138
406 217 601 936 908
663 508 240 54 864
555 461 714 505 604
141 22 798 938 6
363 547 701 328 398
809 467 772 895 824
600 991 731 200 616
638 554 123 878 298
677 432 760 80 628
363 222 340 851 850
37 905 86 738 923
174 546 389 946 130
212 235 811 634 436
117 271 990 240 149
287 608 271 46 688
589 100 600 930 641
450 967 235 226 394
157 401 631 546 36
451 449 272 953 82
398 69 353 387 1000
192 364 607 154 101
986 743 201 585 362
532 725 18 768 642
103 925 42 424 471
78 875 610 40 517
692 438 586 735 515
586 618 880 883 772
981 558 204 872 834
257 403 558 275 861
199 68 786 932 492
947 701 57 556 741
574 938 870 851 672
384 126 289 263 699
751 934 257 956 495
90 903 899 338 177
449 228 937 234 159
118 871 550 175 426
291 440 53 851 290
726 234 106 705 188
805 456 121 61 101
307 842 3 896 180
871 344 408 497 579
567 616 139 117 791
566 98 921 309 949
901 34 873 6 430
60 812 576 873 873
367 179 715 60 74
585 931 418 993 118
687 249 734 827 56
214 82 845 135 391
793 35 116 356 42
236 416 854 812 979
416 178 848 821 238
922 405 859 30 397
977 407 337 400 924
393 615 696 238 440
87 721 475 894 76
207 129 183 751 631
852 167 809 700 678
737 311 83 285 31
170 953 129 507 42
52 591 657 749 519
96 526 239 262 419
6 159 238 880 911
869 731 768 367 430
445 794 432 218 769
463 79 721 592 586
764 335 867 110 83
385 898 609 625 850
718 321 8 646 200
609 514 931 376 571
51 512 364 173 420
132 636 499 544 919
776 998 253 642 107
26 27 695 325 342
544 42 663 553 378
553 852 892 483 228
462 224 430 516 397
850 648 724 349 882
332 124 879 585 766
987 611 483 681 936
825 916 668 177 468
45 730 9 627 904
928 779 127 357 294
215 898 632 629 246
514 961 60 392 545
516 68 846 690 440
471 514 355 138 692
513 874 111 522 190
14 450 969 833 807
262 738 704 584 366
640 97 326 390 180
561 597 248 96 286
688 567 800 42 395
181 555 959 293 768
148 998 217 116 830
714 68 567 108 652
623 748 440 639 829
620 199 425 558 986
711 937 552 200 669
637 72 224 595 55
682 433 52 899 549
573 612 307 830 720
650 453 158 89 782
677 399 982 101 647
657 502 583 900 392
252 536 154 166 822
209 848 254 953 746
804 215 47 801 44
768 450 187 616 229
970 292 628 641 83
966 297 585 548 196
667 490 423 822 656
244 721 193 498 363
939 992 578 677 483
313 134 933 190 750
162 850 732 480 490
815 445 478 89 684
364 756 173 477 267
520 721 989 713 910
351 342 591 620 18
73 933 843 697 813
592 859 663 13 28
843 828 164 10 607
848 375 52 711 542
320 230 954 999 634
553 39 976 143 659
684 908 281 526 604
785 808 152 447 821
180 289 338 344 991
945 882 365 997 593
597 6 513 550 695
146 102 735 121 937
83 495 844 55 20
137 840 828 289 977
338 469 956 676 504
946 620 385 0 307
978 598 3 491 147
699 637 941 123 449
877 897 944 410 642
655 547 171 172 836
147 511 995 103 186
498 48 497 574 740
494 551 337 497 732
174 886 59 114 699
198 681 596 832 90
237 486 327 409 349
162 246 860 848 39
736 35 779 923 609
518 416 851 855 604
582 719 489 331 524
879 529 204 474 361
986 401 847 312 500
195 165 747 745 12
786 481 738 564 93
347 81 510 197 626
804 779 35 983 110
559 861 329 453 334
690 438 426 227 441
926 422 606 672 858
308 148 28 45 712
121 392 484 321 279
800 124 749 835 798
549 393 658 878 847
683 568 975 108 795
415 33 907 711 396
764 709 544 792 755
946 604 837 429 925
807 920 740 555 754
227 103 147 885 981
684 257 238 658 365
32 764 89 940 474
175 393 183 409 876
628 354 479 154 474
93 961 393 523 515
837 750 308 984 635
980 667 892 217 15
948 250 779 727 880
252 902 963 125 0
838 753 44 316 598
208 100 558 291 623
764 128 373 762 111
698 741 469 279 649
174 226 589 953 643
468 895 234 120 20
234 959 463 279 965
60 487 64 309 779
378 763 907 751 524
708 138 956 867 417
604 40 334 192 993
977 350 578 211 470
598 445 428 751 414
83 502 592 147 811
60 215 573 657 966
787 364 794 742 922
211 35 962 545 227
645 521 577 222 422
738 510 558 856 260
662 939 762 253 777
262 313 992 525 970
648 312 24 441 744
946 652 780 597 887
6 932 98 274 153
520 11 353 77 867
614 740 496 65 683
272 328 687 954 853
656 601 855 370 733
599 5 384 378 293
962 74 224 59 38
68 579 740 421 347
297 725 777 793 481
459 755 809 145 708
351 492 309 897 552
41 185 558 115 563
851 76 327 765 135
56 833 405 796 254
442 92 669 218 575
149 367 329 958 203
37 1000 385 36 586
937 768 771 184 573
23 725 650 350 490
475 96 322 570 893
266 11 675 936 920
250 84 287 579 733
490 306 422 875 342
7 501 800 778 686
373 491 100 713 531
590 187 628 603 448
520 559 459 885 494
379 134 269 356 714
1 846 19 113 410
52 120 601 852 588
977 224 769 77 937
299 357 815 927 960
262 136 519 411 21
703 790 155 972 145
559 663 681 269 776
781 11 586 382 553
864 48 468 632 125
94 622 483 909 548
132 861 375 341 963
86 44 442 932 15
278 491 369 959 450
144 430 151 421 502
704 284 550 171 607
366 266 228 539 865
466 671 416 841 12
378 617 56 820 549
762 97 730 130 747
179 966 867 20 76
368 724 360 608 586
657 974 852 885 512
406 41 874 822 572
886 890 189 632 710
738 83 497 467 905
934 336 870 800 356
636 167 770 996 466
355 343 439 897 918
642 303 959 515 815
531 90 395 720 722
795 147 805 291 614
709 225 640 268 715
996 904 573 455 590
38 811 623 167 397
540 809 390 499 13
896 720 103 290 129
515 84 276 10 65
890 409 981 529 368
696 214 271 268 669
551 306 169 173 473
257 404 973 647 593
986 542 312 780 832
131 294 606 407 304
672 296 714 652 515
772 347 419 42 615
778 284 611 638 147
84 895 241 747 541
834 732 774 836 511
295 967 496 902 373
490 573 359 894 224
564 665 262 673 708
567 451 682 178 779
519 953 673 761 389
904 284 120 677 120
322 973 86 818 874
150 307 136 199 201
50 764 866 312 436
263 570 577 635 438
355 845 390 718 605
779 622 889 589 298
699 601 961 476 418
524 316 416 660 515
307 711 278 863 713
405 817 282 672 451
720 27 295 800 745
590 268 366 169 548
355 868 148 5 33
567 530 349 673 880
865 980 590 833 842
303 928 348 275 600
800 996 627 785 795
61 375 754 118 544
301 163 101 449 168
826 706 388 174 378
268 729 47 858 562
580 851 489 928 126
779 727 121 405 202
606 157 577 49 275
811 350 438 602 800
296 427 505 685 292
574 953 20 621 500
272 891 351 452 819
167 230 235 288 636
437 584 483 704 634
758 204 674 886 497
163 181 924 359 866
906 933 508 927 243
8 889 134 49 340
643 216 571 878 194
897 5 778 379 709
101 827 604 466 712
100 629 583 23 988
139 620 610 647 546
544 655 124 368 394
465 10 610 35 888
804 622 893 272 691
292 63 517 896 529
228 996 849 501 709
526 640 328 827 287
564 370 632 689 738
26 153 748 636 879
325 130 190 218 402
881 200 465 397 95
685 315 781 533 816
489 58 456 508 885
743 71 254 64 450
682 781 293 429 417
862 755 237 51 663
639 932 863 794 328
648 478 333 428 10
149 607 760 605 114
644 37 877 589 792
326 961 573 620 80
680 481 525 917 223
187 245 154 740 38
173 77 517 506 505
217 655 111 977 950
226 311 677 102 590
469 118 550 41 738
630 411 910 845 327
132 31 262 977 461
300 149 538 507 656
733 725 310 845 391
260 761 702 937 553
982 95 671 532 827
99 852 237 699 697
254 831 418 516 497
570 507 647 107 13
302 531 738 612 375
129 562 826 521 189
68 503 284 739 725
111 528 576 348 226
963 293 747 71 809
244 641 5 891 438
19 192 969 447 494
33 266 56 549 788
936 617 290 219 356
705 330 884 971 369
801 934 352 547 4
851 481 335 857 371
773 876 253 432 12
748 465 279 494 14
66 429 631 46 338
677 751 359 251 721
418 51 344 770 598
38 620 79 373 166
140 837 732 84 268
745 832 423 23 15
437 89 134 759 826
472 435 576 831 686
987 248 737 21 708
25 750 18 795 814
184 625 650 917 709
608 661 230 30 684
245 158 463 379 917
288 542 41 554 62
728 230 311 154 942
709 870 692 727 664
505 912 289 845 518
688 452 869 919 172
242 163 20 705 233
937 683 775 979 236
837 396 156 838 240
98 237 110 480 964
774 985 565 753 519
773 131 661 641 49
833 883 903 854 277
135 480 960 600 148
886 127 234 42 655
475 831 892 585 310
546 48 985 801 492
503 574 623 163 905
672 686 788 574 539
64 400 710 24 1000
858 600 817 92 642
472 257 162 53 842
472 289 580 456 90
71 959 664 694 812
258 55 498 45 630
727 801 29 436 825
719 985 424 226 767
757 698 23 919 441
555 81 731 134 537
511 206 186 865 590
998 122 646 495 168
275 222 969 995 348
483 403 332 597 629
98 43 16 812 653
148 366 734 879 501
961 389 397 146 253
987 835 375 632 19
233 597 241 892 281
280 374 375 612 662
3 401 705 711 903
357 859 960 90 427
460 51 816 547 888
759 533 722 824 856
742 57 452 673 949
424 953 13 799 255
675 492 346 379 202
939 427 60 898 517
487 357 258 993 594
146 751 127 558 265
983 990 322 124 663
961 548 305 974 346
250 648 839 596 718
731 225 144 482 122
661 659 170 610 652
764 446 92 891 3
357 563 994 369 688
346 330 235 651 303
272 902 952 801 187
669 531 412 503 12
535 163 362 705 463
704 158 909 796 49
603 844 612 286 903
990 632 232 225 282
226 187 874 868 988
752 226 518 163 729
221 388 582 583 783
45 977 942 644 462
681 937 305 983 222
899 973 854 821 197
827 46 74 390 604
61 141 830 269 996
248 490 383 831 763
857 566 739 798 900
201 168 837 196 150
58 785 122 603 606
9 429 342 83 509
947 144 651 466 414
646 715 594 719 235
47 265 801 476 753
390 367 921 226 254
71 976 38 193 578
644 203 697 987 977
205 623 121 546 88
225 882 803 509 291
37 556 556 528 723
309 609 89 229 525
343 300 500 382 184
768 716 77 464 392
53 360 14 865 906
794 89 788 596 289
769 324 535 324 542
257 633 150 37 553
676 380 543 866 452
727 634 859 804 788
250 548 147 956 412
53 749 192 531 34
481 299 48 15 313
591 964 637 431 0
189 797 380 422 663
523 149 987 381 643
774 321 190 922 967
603 665 715 485 886
440 966 875 488 671
187 78 634 824 200
634 703 687 705 125
39 918 965 25 989
607 490 1000 488 411
967 781 766 371 265
341 811 921 215 299
591 92 67 916 917
958 239 309 645 634
124 684 551 88 710
229 386 199 229 874
300 886 654 756 256
609 96 758 529 1
747 810 93 814 415
700 772 655 9 416
288 133 790 530 222
189 449 608 78 368
171 378 253 515 824
200 123 920 648 342
921 394 151 14 207
257 404 669 912 413
775 890 237 565 109
149 754 559 447 833
927 618 901 871 132
415 761 946 334 98
287 946 492 128 650
389 385 53 58 296
157 523 877 394 778
986 543 532 234 990
54 852 297 645 412
429 59 172 374 84
961 351 720 452 479
369 841 555 112 589
541 269 803 417 353
580 403 586 802 327
575 546 178 562 191
590 681 941 452 745
715 412 95 434 864
265 493 395 820 296
674 360 255 476 778
609 56 871 194 858
197 460 404 66 21
285 656 393 916 799
137 631 210 233 755
765 498 939 850 317
925 523 367 179 690
144 478 746 705 673
293 593 823 387 659
534 362 4 927 278
803 64 599 13 988
353 778 485 982 317
492 906 840 859 85
529 694 563 965 398
926 949 991 438 335
339 973 698 344 589
976 146 653 264 850
640 617 317 815 289
634 306 194 474 856
970 693 549 223 658
637 148 606 318 587
631 657 249 18 691
838 684 528 181 948
377 511 255 695 16
544 328 12 428 492
868 398 185 106 311
533 434 459 829 752
736 149 98 675 168
790 203 852 7 74
800 384 275 745 78
291 288 97 995 406
589 552 804 464 659
805 687 783 264 205
534 690 355 322 55
523 802 258 64 809
332 864 193 297 608
962 589 586 749 273
993 338 825 486 492
173 291 870 956 245
74 179 625 429 502
680 642 994 938 707
803 960 260 686 257
559 647 536 144 86
809 827 424 633 3
606 807 294 475 762
229 550 632 854 669
133 534 311 126 471
17 619 121 968 304
378 526 642 604 361
728 412 187 842 735
190 137 541 174 303
994 403 543 625 257
211 448 791 212 264
952 920 884 72 888
878 140 413 519 434
774 937 846 652 468
581 842 606 812 16
909 495 419 451 810
366 352 257 156 565
522 799 484 95 561
371 973 702 475 182
826 248 809 672 900
277 943 432 883 444
138 481 630 557 932
439 614 283 387 770
538 909 568 22 694
129 83 666 521 558
538 346 807 347 708
396 624 340 828 196
785 966 677 414 213
298 543 827 271 930
286 810 528 545 522
221 674 605 578 885
163 806 921 660 152
629 55 466 659 574
352 133 539 28 237
442 16 781 959 979
710 245 478 929 790
1000 840 153 294 417
728 457 223 648 807
65 967 863 222 626
436 574 759 665 293
687 798 309 467 756
978 867 691 455 795
480 144 325 323 129
742 50 276 655 389
83 411 355 636 633
671 71 206 120 426
499 807 914 499 964
670 166 520 50 312
5 221 456 330 544
275 71 285 552 417
674 635 828 719 961
150 390 31 356 200
147 546 697 752 735
660 111 901 179 161
212 184 382 359 514
617 634 276 902 876
693 265 200 210 984
160 360 63 882 406
263 720 642 650 471
66 309 582 968 179
743 870 53 816 919
568 432 243 534 333
118 917 288 9 126
271 169 176 25 742
272 979 461 605 629
932 671 938 513 328
807 946 198 861 761
807 118 192 49 652
215 859 568 503 868
694 465 727 560 490
468 522 468 929 126
787 550 798 415 62
125 221 699 13 81
459 821 199 342 870
541 247 728 108 441
595 492 906 322 51
85 480 264 243 409
390 30 959 187 445
712 3 356 410 16
128 559 837 327 591
707 869 839 124 667
279 410 159 875 422
901 960 902 164 893
310 555 923 960 432
57 361 435 414 461
452 542 19 979 559
611 375 117 139 500
785 108 600 634 983
21 224 632 613 389
524 614 634 137 573
65 885 934 501 298
394 643 530 103 621
780 404 997 897 233
186 371 341 786 695
323 497 920 645 109
999 860 723 632 997
986 697 881 609 888
870 2 220 89 797
532 869 200 218 456
124 404 517 465 880
212 479 66 822 123
175 820 983 589 451
669 574 838 240 183
416 109 876 636 889
672 858 758 563 75
904 687 169 420 842
739 322 320 805 143
444 671 963 116 259
103 786 833 942 25
706 47 825 272 373
713 944 231 160 196
997 63 573 166 174
105 905 186 425 400
330 869 70 983 676
329 777 461 852 408
486 248 455 0 520
828 713 153 749 564
40 746 317 303 602
181 408 506 368 834
906 388 392 666 60
67 995 837 218 537
244 704 785 389 394
304 908 798 457 656
361 497 91 368 801
693 550 208 890 918
732 485 305 124 151
365 882 145 893 100
372 136 494 156 216
889 150 123 686 608
469 737 795 561 104
285 253 654 494 833
261 916 318 256 730
469 622 612 304 204
712 367 30 896 523
246 784 674 369 159
972 839 896 766 89
691 51 32 344 235
866 296 150 874 552
881 32 864 182 26
67 584 393 98 479
917 34 954 280 404
803 251 933 389 707
712 79 758 744 113
683 609 409 834 172
962 404 204 825 276
231 583 860 624 371
338 230 405 982 510
809 785 451 431 173
158 142 943 606 887
55 289 185 155 813
48 116 907 252 631
182 483 904 41 798
274 69 27 680 51
228 178 526 679 610
699 527 442 331 133
18 386 422 204 541
234 943 347 140 194
669 12 368 572 53
165 847 122 883 526
864 110 704 389 480
3 778 6 446 108
139 464 185 251 358
416 175 300 454 5
185 122 17 553 384
70 408 921 884 290
446 747 91 841 827
261 844 604 267 980
403 97 134 588 348
492 694 214 483 147
219 668 960 237 220
344 998 318 264 881
608 401 318 389 932
144 650 775 438 608
445 841 705 579 118
743 761 813 957 243
650 176 911 610 103
821 644 791 138 598
362 437 999 680 826
930 514 166 395 952
774 840 483 168 108
601 911 869 103 558
112 754 734 713 53
527 224 697 317 362
294 679 489 984 48
315 913 562 171 998
514 945 527 687 112
635 287 713 194 81
270 997 525 694 709
578 220 623 965 228
986 949 907 474 932
646 479 845 207 650
532 411 284 59 97
86 694 75 800 578
156 760 574 371 454
974 949 364 596 913
592 581 861 189 746
483 525 915 17 732
565 549 143 539 608
931 316 993 696 806
570 542 565 144 913
709 117 861 764 713
463 45 985 14 234
420 497 449 334 204
181 589 753 14 128
51 635 134 43 331
940 303 873 504 137
786 904 945 336 667
348 800 712 332 504
637 442 691 85 776
895 266 365 647 971
183 698 606 317 431
937 947 425 809 450
562 284 353 197 621
19 545 420 732 567
614 58 8 304 143
784 198 410 839 535
70 712 924 676 719
354 612 665 469 111
806 31 395 849 228
15 869 463 125 290
29 739 348 37 42
181 511 931 281 350
466 352 752 79 27
161 433 330 826 593
441 631 314 526 480
232 542 38 695 667
18 724 96 56 761
829 237 962 760 519
311 916 561 754 995
588 915 117 918 740
710 48 61 23 575
231 255 807 960 640
473 668 363 259 414
814 88 651 776 538
860 777 143 420 530
828 699 444 945 616
875 345 355 626 58
930 547 4 736 196
644 899 554 698 849
968 201 627 618 977
164 168 754 998 278
974 825 977 108 459
283 673 494 638 989
243 257 535 247 683
421 581 271 975 969
119 942 170 746 249
146 600 417 590 597
386 254 421 362 362
571 645 34 64 973
713 307 229 938 244
602 358 516 874 22
484 993 964 654 429
903 491 28 10 771
626 396 24 737 758
386 998 93 110 62
756 823 59 986 760
995 277 808 510 150
830 994 143 483 338
262 386 829 290 86
599 916 482 624 343
930 700 340 713 501
92 469 13 843 144
464 837 421 271 346
572 792 29 405 274
367 667 350 886 957
126 175 563 298 489
596 228 879 626 631
379 719 99 393 561
934 857 397 355 818
433 617 609 462 21
574 520 378 614 95
24 741 961 277 38
449 873 957 328 499
588 397 908 377 480
468 311 26 555 356
845 988 973 143 139
684 717 659 752 21
445 776 762 405 744
490 545 306 137 563
805 415 960 402 792
130 870 793 156 114
839 691 101 501 835
932 184 241 280 936
262 725 402 714 821
145 895 365 141 31
928 637 446 577 38
928 707 599 411 864
713 249 554 505 751
78 436 625 320 716
561 272 131 653 987
952 488 881 316 629
602 243 265 47 820
995 665 217 593 75
80 996 325 324 500
75 403 936 700 413
342 951 685 473 293
671 424 471 241 430
791 843 363 746 580
182 740 245 89 332
320 169 18 335 184
518 410 277 144 801
690 176 441 374 649
425 736 763 896 667
883 686 200 245 432
780 117 171 715 207
194 35 66 212 370
250 420 471 527 564
962 907 430 92 972
78 517 707 531 103
63 413 789 263 348
911 734 466 773 448
363 657 173 429 869
234 370 979 395 897
233 356 804 663 448
465 432 656 171 963
759 925 66 237 879
104 148 612 260 921
750 623 577 614 743
135 848 112 804 242
699 36 288 192 390
426 657 822 81 518
474 530 443 230 768
11 335 606 313 595
216 62 909 483 676
341 618 213 453 111
455 842 839 743 34
228 169 691 49 941
900 523 471 342 444
929 43 779 534 356
63 750 418 662 232
785 2 540 998 455
341 453 297 179 886
21 407 745 712 146
376 611 670 537 643
113 465 686 582 689
732 335 128 150 998
50 625 1000 590 622
145 621 765 132 801
341 153 898 85 555
44 461 857 404 688
189 207 152 566 789
531 297 123 659 137
120 709 762 811 989
384 956 610 839 778
100 179 931 998 956
175 41 106 31 445
795 912 652 947 477
130 168 464 254 827
602 64 226 363 875
905 437 520 204 967
297 304 145 918 993
100 93 33 207 815
169 692 726 821 638
893 642 496 357 896
13 649 650 239 702
215 834 830 735 38
796 723 32 631 330
24 422 113 749 629
929 608 320 344 428
648 928 760 835 975
655 848 623 996 777
324 210 610 844 635
338 639 357 61 270
378 776 692 491 214
10 109 822 20 144
941 358 71 700 192
45 355 730 358 40
506 372 250 807 216
885 835 855 933 896
815 310 672 196 491
576 206 601 398 917
745 338 275 506 37
157 551 82 888 599
122 393 971 372 890
186 948 725 732 880
620 546 880 982 433
60 558 639 661 646
246 95 984 521 601
20 368 842 794 255
440 916 339 411 979
228 287 926 643 18
495 263 255 64 935
688 124 182 16 476
828 262 571 811 473
172 522 532 704 315
477 144 921 816 245
899 735 532 824 377
241 8 330 186 72
956 564 197 137 580
363 656 533 934 466
696 796 678 227 500
993 705 334 914 210
579 502 635 801 326
703 41 334 723 227
97 678 481 985 506
752 347 161 284 280
317 670 767 996 588
266 678 983 290 281
192 869 784 518 669
800 220 401 824 943
318 921 311 800 905
817 551 942 978 525
222 294 194 679 980
472 635 658 454 925
939 337 793 412 855
151 211 74 552 35
707 561 956 17 360
551 524 601 492 501
125 404 486 9 82
465 482 407 813 936
331 442 272 814 854
126 966 65 891 207
100 288 768 746 996
127 296 520 728 479
711 543 573 196 553
346 352 34 753 164
970 84 606 933 588
460 749 553 215 640
761 315 928 218 60
613 346 47 132 764
216 844 307 479 39
550 825 81 584 268
937 243 42 542 866
630 692 615 183 907
254 634 912 872 852
663 484 888 400 307
342 616 150 649 94
880 889 610 962 472
878 898 405 920 129
271 549 512 576 422
108 830 55 711 391
598 373 565 485 773
562 517 78 712 856
863 282 744 472 243
906 39 831 311 649
650 272 198 852 848
310 961 367 56 361
448 654 734 703 829
196 265 346 274 667
201 827 949 946 990
882 851 719 712 852
368 52 814 256 904
351 566 554 408 622
915 546 966 338 249
795 534 204 831 498
871 31 15 820 667
4 391 208 723 103
750 781 846 564 36
439 605 293 994 13
915 598 249 571 627
188 365 851 392 886
39 954 917 54 463
274 749 854 482 161
647 231 943 492 485
669 932 90 962 615
794 567 903 733 137
529 922 192 70 313
77 109 957 684 854
419 958 602 964 439
453 610 361 85 102
846 755 724 626 716
28 109 973 931 843
109 150 454 992 911
457 68 19 414 753
563 523 400 855 486
840 307 96 891 393
889 426 147 612 743
553 330 852 526 951
384 325 100 528 317
701 986 385 410 399
828 973 922 228 827
408 758 825 504 338
217 82 764 54 694
506 297 714 48 513
664 432 839 455 961
155 155 636 230 566
34 749 228 646 977
55 53 424 570 247
762 477 329 525 531
713 722 518 426 770
31 90 892 870 545
542 715 390 177 945
956 902 693 184 548
359 930 601 473 499
539 234 976 868 450
196 271 171 404 697
631 435 477 522 995
712 64 709 102 932
344 748 834 36 932
381 86 551 672 559
740 210 484 715 769
624 601 39 485 5
426 115 130 594 637
125 305 391 524 97
13 868 846 847 595
467 227 681 18 589
930 758 800 413 163
258 36 764 297 521
459 413 326 590 6
654 405 2 735 929
99 748 797 635 594
391 102 511 762 811
100 691 568 590 795
421 848 831 185 835
42 334 938 58 614
635 712 18 637 447
638 426 885 434 61
479 515 854 680 276
664 470 657 922 750
451 343 287 973 218
812 705 552 750 763
857 384 165 875 711
612 202 827 496 326
578 665 841 431 35
807 94 195 154 16
946 605 49 232 577
267 44 972 819 484
735 365 558 900 931
268 201 132 785 387
459 363 743 299 794
778 797 579 973 951
285 608 245 334 531
513 601 265 484 109
749 218 475 306 808
405 264 8 227 739
86 686 101 829 676
586 296 162 855 959
112 139 567 357 163
788 870 454 52 44
253 801 262 418 797
761 513 751 459 741
489 545 426 281 63
101 867 359 263 721
8 65 550 265 113
713 52 673 857 104
717 109 595 670 528
81 430 40 832 889
471 10 124 898 982
187 689 848 237 643
258 245 708 808 510
511 210 562 875 757
666 591 867 951 260
